#pragma once
// Auto-generated from 730 JSON offset files + 156 FRIK weapon offsets
// Generated: 2026-02-28 08:20
//
// Offset variant flags: isLeftHanded, isPowerArmor, isThrowable
// Lookup key format: BaseName[_L][_PA][_T] (e.g., "Laser Rifle_L_PA" for PA left-handed)

#include <array>
#include <string_view>

namespace EmbeddedOffsets {

struct OffsetData {
    std::string_view name;           // Item name (clean, no category prefix)
    float posX, posY, posZ;          // Position offset
    float rot[12];                   // 3x4 rotation matrix (row-major)
    float scale;                     // Scale factor
    float dimL, dimW, dimH;          // Dimensions (length, width, height)
    float fingerDistance;            // Distance for finger positioning
    float fingerCurls[5];            // thumb, index, middle, ring, pinky
    std::string_view itemType;       // ALCH, MISC, WEAP, etc.
    std::string_view formId;         // Hex form ID
    bool isRightHandSpace;           // true = FRIK-style (right hand), false = original (left hand)
    bool isFRIKOffset;               // true = offset from FRIK weapon database (uses Weapon parent node)
    bool isLeftHanded;               // true = left-handed variant (for bLeftHandedMode:VR)
    bool isPowerArmor;               // true = power armor variant (when player is in PA)
    bool isThrowable;                // true = throwable variant (for grenades/mines when equipped)
};

inline constexpr std::array<OffsetData, 887> kOffsets = {{
    {
        ".303 Round",
        3.21852970f, -1.59035051f, -7.64681005f,
        { 0.10675579f, 0.98178887f, -0.15714145f, 0.00000000f, -0.32697412f, 0.18392067f, 0.92696321f, 0.00000000f, 0.93898374f, -0.04757743f, 0.34065399f, 0.00000000f },
        1.00000000f,
        0.00000000f, 0.00000000f, 5.00000000f,
        3.56598687f,
        { 1.00000000f, 1.00000000f, 1.00000000f, 1.00000000f, 1.00000000f },
        "AMMO",
        "34005423",
        false,
        false,
        false, false, false
    },
    {
        ".45 Encased Bolt",
        2.93870115f, -0.87993717f, -0.96229035f,
        { -0.08484569f, -0.89944136f, 0.42872557f, 0.00000000f, 0.23821045f, -0.43611020f, -0.86779141f, 0.00000000f, 0.96749997f, 0.02849773f, 0.25125924f, 0.00000000f },
        1.00000000f,
        2.00000000f, 8.00000000f, 2.00000000f,
        2.88717818f,
        { 0.68888891f, 0.68888891f, 0.68888891f, 0.68888891f, 0.68888891f },
        "AMMO",
        "56000827",
        false,
        false,
        false, false, false
    },
    {
        "000393CE_R",
        -48.27998734f, 13.92180347f, -53.00182343f,
        { 0.11355896f, 0.95224649f, -0.28342599f, 0.00000000f, 0.67849386f, 0.13406274f, 0.72226912f, 0.00000000f, 0.72577548f, -0.27432311f, -0.63086987f, 0.00000000f },
        1.00000000f,
        41.00000000f, 16.00000000f, 12.00000000f,
        0.00000000f,
        { 1.00000000f, 1.00000000f, 1.00000000f, 1.00000000f, 1.00000000f },
        "",
        "000393CE",
        true,
        true,
        false, false, false
    },
    {
        "0003FBC3",
        27.21333313f, -43.65112686f, 55.87712097f,
        { -0.96613377f, -0.25057009f, 0.06164137f, 0.00000000f, -0.19467637f, 0.86458182f, 0.46324810f, 0.00000000f, -0.16937044f, 0.43555966f, -0.88408190f, 0.00000000f },
        1.00000000f,
        44.00000000f, 95.00000000f, 127.00000000f,
        74.69781494f,
        { 0.53333336f, 0.53333336f, 0.53333336f, 0.53333336f, 0.53333336f },
        "MSTT",
        "0003FBC3",
        false,
        false,
        false, false, false
    },
    {
        "0008B675",
        6.49785900f, 14.16209602f, -8.55400181f,
        { -0.36903507f, 0.89409828f, -0.25377280f, 0.00000000f, -0.91587442f, -0.30340070f, 0.26290941f, 0.00000000f, 0.15807158f, 0.32944727f, 0.93084764f, 0.00000000f },
        1.00000000f,
        86.00000000f, 28.00000000f, 131.00000000f,
        15.79378605f,
        { 0.75555557f, 0.75555557f, 0.75555557f, 0.75555557f, 0.75555557f },
        "MSTT",
        "0008B675",
        false,
        false,
        false, false, false
    },
    {
        "001D77A7",
        59.23037338f, -14.90937614f, 35.40611649f,
        { 0.04724935f, 0.97620702f, 0.21162602f, 0.00000000f, 0.56148642f, 0.14926623f, -0.81391108f, 0.00000000f, -0.82613558f, 0.15728208f, -0.54107505f, 0.00000000f },
        1.00000000f,
        42.00000000f, 2.00000000f, 72.00000000f,
        69.92401123f,
        { 0.77777779f, 0.77777779f, 0.77777779f, 0.77777779f, 0.77777779f },
        "MSTT",
        "001D77A7",
        false,
        false,
        false, false, false
    },
    {
        "10mm",
        2.11772490f, -0.63026696f, -0.24602270f,
        { 0.96011394f, -0.25174695f, -0.12167221f, 0.00000000f, 0.12969205f, 0.78647065f, -0.60385692f, 0.00000000f, 0.24771112f, 0.56399167f, 0.78775126f, 0.00000000f },
        1.00000000f,
        0.00000000f, 0.00000000f, 0.00000000f,
        5.36466217f,
        { 0.84444445f, 0.84444445f, 0.84444445f, 0.84444445f, 0.84444445f },
        "WEAP",
        "00004822",
        false,
        false,
        false, false, false
    },
    {
        "ASAM Sensor 2077 Model",
        0.31350383f, -12.22908783f, -6.80262280f,
        { -0.15327793f, -0.44792435f, 0.88083488f, 0.00000000f, 0.98743892f, -0.10401287f, 0.11893541f, 0.00000000f, 0.03834414f, 0.88800043f, 0.45824051f, 0.00000000f },
        1.00000000f,
        19.00000000f, 19.00000000f, 51.00000000f,
        10.35074139f,
        { 0.37777781f, 0.37777781f, 0.37777781f, 0.37777781f, 0.37777781f },
        "MISC",
        "0B005467",
        false,
        false,
        false, false, false
    },
    {
        "Alien Blaster Pistol_L",
        2.17303944f, -1.96489739f, -1.46618748f,
        { 0.87128866f, 0.04317871f, -0.48905575f, 0.00000000f, -0.34788358f, 0.75608534f, -0.55366325f, 0.00000000f, 0.34524089f, 0.65368968f, 0.67385781f, 0.00000000f },
        1.00000000f,
        8.00000000f, 22.00000000f, 14.00000000f,
        4.55040789f,
        { 0.84444445f, 0.84444445f, 0.84444445f, 0.84444445f, 0.84444445f },
        "WEAP",
        "000FF995",
        false,
        false,
        true, false, false
    },
    {
        "Army Helmet",
        9.92884159f, -7.56647539f, -1.17720389f,
        { -0.90919006f, -0.10626425f, -0.40259278f, 0.00000000f, -0.35035834f, 0.71770394f, 0.60178918f, 0.00000000f, 0.22499384f, 0.68819249f, -0.68975979f, 0.00000000f },
        1.00000000f,
        14.00000000f, 17.00000000f, 13.00000000f,
        9.98723984f,
        { 0.78888887f, 0.78888887f, 0.78888887f, 0.78888887f, 0.78888887f },
        "ARMO",
        "00023432",
        false,
        false,
        false, false, false
    },
    {
        "Athletic Outfit",
        15.00582600f, -5.00903130f, -10.04772186f,
        { -0.83739275f, -0.49605098f, 0.22958018f, 0.00000000f, 0.54091090f, -0.81248438f, 0.21744782f, 0.00000000f, 0.07866587f, 0.30627215f, 0.94868779f, 0.00000000f },
        1.00000000f,
        25.00000000f, 18.00000000f, 10.00000000f,
        15.27147293f,
        { 1.00000000f, 1.00000000f, 1.00000000f, 1.00000000f, 1.00000000f },
        "ARMO",
        "000AF0E4",
        false,
        false,
        false, false, false
    },
    {
        "Baseball Uniform",
        9.20984936f, -4.96868801f, -8.45005798f,
        { -0.73340046f, -0.44827485f, 0.51105464f, 0.00000000f, 0.48619330f, -0.87131417f, -0.06655589f, 0.00000000f, 0.47512391f, 0.19965841f, 0.85696870f, 0.00000000f },
        1.00000000f,
        29.00000000f, 30.00000000f, 11.00000000f,
        9.38333988f,
        { 0.93333334f, 0.93333334f, 0.93333334f, 0.93333334f, 0.93333334f },
        "ARMO",
        "00144F03",
        false,
        false,
        false, false, false
    },
    {
        "Bathrobe_L",
        19.30747986f, -12.91604424f, -10.18235779f,
        { 0.87350488f, 0.46570635f, -0.14179865f, 0.00000000f, -0.48681504f, 0.83538705f, -0.25521985f, 0.00000000f, -0.00040081f, 0.29196480f, 0.95642811f, 0.00000000f },
        1.00000000f,
        30.00000000f, 40.00000000f, 12.00000000f,
        21.25957298f,
        { 0.86666667f, 0.86666667f, 0.86666667f, 0.86666667f, 0.86666667f },
        "ARMO",
        "0014A349",
        false,
        false,
        true, false, false
    },
    {
        "Baton",
        1.27084458f, -5.77039385f, -3.41336107f,
        { 0.52655995f, 0.31906092f, -0.78799319f, 0.00000000f, 0.02639958f, 0.92031664f, 0.39027962f, 0.00000000f, 0.84972727f, -0.22630841f, 0.47617921f, 0.00000000f },
        1.00000000f,
        2.00000000f, 43.00000000f, 2.00000000f,
        3.65576577f,
        { 0.53333336f, 0.53333336f, 0.53333336f, 0.53333336f, 0.53333336f },
        "WEAP",
        "0008C14D",
        false,
        false,
        false, false, false
    },
    {
        "Battered Fedora",
        9.70225334f, -0.52711648f, -8.18351460f,
        { 0.71038812f, -0.49191293f, -0.50335985f, 0.00000000f, 0.45998213f, 0.86580980f, -0.19695127f, 0.00000000f, 0.53269684f, -0.09162486f, 0.84133220f, 0.00000000f },
        1.00000000f,
        18.00000000f, 22.00000000f, 9.00000000f,
        6.97064257f,
        { 0.75555557f, 0.75555557f, 0.75555557f, 0.75555557f, 0.75555557f },
        "ARMO",
        "000E5086",
        false,
        false,
        false, false, false
    },
    {
        "Battery Round",
        1.02495003f, -2.11934209f, -2.33104539f,
        { 0.08019824f, 0.80668497f, 0.58551455f, 0.00000000f, 0.40252000f, -0.56359124f, 0.72134781f, 0.00000000f, 0.91189086f, 0.17783074f, -0.36990589f, 0.00000000f },
        1.00000000f,
        2.00000000f, 2.00000000f, 5.00000000f,
        3.74419022f,
        { 0.75555557f, 0.75555557f, 0.75555557f, 0.75555557f, 0.75555557f },
        "AMMO",
        "34005C73",
        false,
        false,
        false, false, false
    },
    {
        "Batting Helmet_L",
        -0.70266807f, 3.02417755f, -5.86771297f,
        { 0.40729624f, -0.34093773f, 0.84727252f, 0.00000000f, -0.14338154f, -0.94007492f, -0.30935538f, 0.00000000f, 0.90197039f, 0.00451600f, -0.43177301f, 0.00000000f },
        1.00000000f,
        12.00000000f, 18.00000000f, 14.00000000f,
        7.08815670f,
        { 0.66666669f, 0.66666669f, 0.66666669f, 0.66666669f, 0.66666669f },
        "ARMO",
        "000F6D8C",
        false,
        false,
        true, false, false
    },
    {
        "Binoculars Battery",
        2.53010845f, -2.38219094f, -3.69458103f,
        { -0.24503168f, 0.93517250f, 0.25575721f, 0.00000000f, -0.08427336f, -0.28334469f, 0.95530832f, 0.00000000f, 0.96584505f, 0.21252747f, 0.14823826f, 0.00000000f },
        1.00000000f,
        2.00000000f, 2.00000000f, 2.00000000f,
        2.61120677f,
        { 0.80000001f, 0.80000001f, 0.80000001f, 0.80000001f, 0.80000001f },
        "AMMO",
        "79001EE5",
        false,
        false,
        false, false, false
    },
    {
        "Black Fisherman's Overalls_L",
        14.65902615f, -3.51514816f, -11.58655548f,
        { -0.56841683f, -0.72561151f, 0.38780552f, 0.00000000f, 0.81051046f, -0.57483310f, 0.11243317f, 0.00000000f, 0.14134058f, 0.37822840f, 0.91485906f, 0.00000000f },
        1.00000000f,
        30.00000000f, 30.00000000f, 11.00000000f,
        14.28129768f,
        { 0.95555556f, 0.95555556f, 0.95555556f, 0.95555556f, 0.95555556f },
        "ARMO",
        "060570D3",
        false,
        false,
        true, false, false
    },
    {
        "Black Vest and Slacks",
        16.65856934f, -9.14282799f, -13.52527046f,
        { -0.80761677f, -0.38577431f, 0.44602066f, 0.00000000f, 0.45421624f, -0.88929588f, 0.05328323f, 0.00000000f, 0.37608925f, 0.24562307f, 0.89343494f, 0.00000000f },
        1.00000000f,
        34.00000000f, 42.00000000f, 12.00000000f,
        18.48396492f,
        { 0.88888890f, 0.88888890f, 0.88888890f, 0.88888890f, 0.88888890f },
        "ARMO",
        "000FC100",
        false,
        false,
        false, false, false
    },
    {
        "Blue Dress",
        13.70979691f, -7.25784779f, -8.79435539f,
        { -0.84417093f, -0.44543284f, 0.29827040f, 0.00000000f, 0.42694429f, -0.89511430f, -0.12840620f, 0.00000000f, 0.32418257f, 0.01894835f, 0.94580489f, 0.00000000f },
        1.00000000f,
        24.00000000f, 31.00000000f, 7.00000000f,
        12.94432545f,
        { 0.82222223f, 0.82222223f, 0.82222223f, 0.82222223f, 0.82222223f },
        "ARMO",
        "0014D08F",
        false,
        false,
        false, false, false
    },
    {
        "Bolt",
        3.66912222f, 6.53147840f, 5.13563395f,
        { -0.35532701f, -0.42037055f, 0.83488327f, 0.00000000f, -0.21167007f, -0.83378226f, -0.50990307f, 0.00000000f, 0.91045970f, -0.35790282f, 0.20728678f, 0.00000000f },
        1.00000000f,
        2.00000000f, 8.00000000f, 2.00000000f,
        12.11696625f,
        { 0.40000004f, 0.40000004f, 0.40000004f, 0.40000004f, 0.40000004f },
        "AMMO",
        "56000801",
        false,
        false,
        false, false, false
    },
    {
        "Box",
        20.33878326f, -0.26009703f, -19.77468681f,
        { -0.20341349f, 0.14467180f, -0.96834534f, 0.00000000f, -0.13130790f, -0.98411912f, -0.11944493f, 0.00000000f, -0.97024822f, 0.10285538f, 0.21917948f, 0.00000000f },
        1.00000000f,
        27.00000000f, 34.00000000f, 21.00000000f,
        22.68122482f,
        { 0.73333335f, 0.73333335f, 0.73333335f, 0.73333335f, 0.73333335f },
        "MSTT",
        "001A77E9",
        false,
        false,
        false, false, false
    },
    {
        "Brown Fisherman's Overalls",
        16.85152817f, -8.21094322f, -12.36392307f,
        { -0.74306726f, -0.54875290f, 0.38304496f, 0.00000000f, 0.65610152f, -0.71013218f, 0.25542879f, 0.00000000f, 0.13184564f, 0.44111669f, 0.88771266f, 0.00000000f },
        1.00000000f,
        33.00000000f, 31.00000000f, 12.00000000f,
        17.27847290f,
        { 0.84444445f, 0.84444445f, 0.84444445f, 0.84444445f, 0.84444445f },
        "ARMO",
        "060570DA",
        false,
        false,
        false, false, false
    },
    {
        "Cage Armor",
        -15.03313160f, -0.62387562f, -28.23058701f,
        { -0.47542557f, -0.16024533f, 0.86503905f, 0.00000000f, -0.71370888f, -0.50465298f, -0.48573989f, 0.00000000f, 0.51438260f, -0.84832001f, 0.12555748f, 0.00000000f },
        1.00000000f,
        50.00000000f, 53.00000000f, 25.00000000f,
        31.59579849f,
        { 0.28888893f, 0.28888893f, 0.28888893f, 0.28888893f, 0.28888893f },
        "ARMO",
        "000B2D8E",
        false,
        false,
        false, false, false
    },
    {
        "Caps Stash",
        10.17887497f, -2.27015829f, -4.29887390f,
        { 0.69862968f, 0.29755819f, -0.65067339f, 0.00000000f, 0.23655723f, -0.95433676f, -0.18243361f, 0.00000000f, -0.67524624f, -0.02646803f, -0.73711741f, 0.00000000f },
        1.00000000f,
        14.00000000f, 24.00000000f, 7.00000000f,
        9.65802288f,
        { 1.00000000f, 1.00000000f, 1.00000000f, 1.00000000f, 1.00000000f },
        "ACTI",
        "0003000C",
        false,
        false,
        false, false, false
    },
    {
        "Chain Dog Collar",
        4.58226633f, -6.53865576f, -12.81456280f,
        { 0.28140938f, 0.84000313f, -0.46389970f, 0.00000000f, 0.10099246f, -0.50667799f, -0.85619956f, 0.00000000f, -0.95425832f, 0.19409238f, -0.22741790f, 0.00000000f },
        1.00000000f,
        16.00000000f, 28.00000000f, 4.00000000f,
        10.34643459f,
        { 0.71111113f, 0.71111113f, 0.71111113f, 0.71111113f, 0.71111113f },
        "ARMO",
        "0018B210",
        false,
        false,
        false, false, false
    },
    {
        "Chair",
        -0.63434047f, -10.74414444f, 11.24055576f,
        { -0.07964876f, -0.81927204f, -0.56784666f, 0.00000000f, -0.99474061f, 0.02851947f, 0.09838020f, 0.00000000f, -0.06440537f, 0.57269549f, -0.81723410f, 0.00000000f },
        1.00000000f,
        34.00000000f, 8.00000000f, 73.00000000f,
        14.12844372f,
        { 0.28888893f, 0.28888893f, 0.28888893f, 0.28888893f, 0.28888893f },
        "MSTT",
        "000AE441",
        false,
        false,
        false, false, false
    },
    {
        "Clean Grey Suit",
        8.54111290f, -6.10726881f, -10.27555275f,
        { -0.29110971f, 0.95568711f, 0.04378177f, 0.00000000f, -0.80772936f, -0.27004927f, 0.52406693f, 0.00000000f, 0.51266706f, 0.11719712f, 0.85055161f, 0.00000000f },
        1.00000000f,
        24.00000000f, 20.00000000f, 6.00000000f,
        10.86202049f,
        { 1.00000000f, 1.00000000f, 1.00000000f, 1.00000000f, 1.00000000f },
        "ARMO",
        "001BDDFA",
        false,
        false,
        false, false, false
    },
    {
        "Clean Tan Suit",
        11.94945812f, -0.33167291f, -8.85896492f,
        { -0.70432538f, -0.62996155f, 0.32722041f, 0.00000000f, 0.66221952f, -0.74912047f, -0.01680630f, 0.00000000f, 0.25571540f, 0.20485431f, 0.94479829f, 0.00000000f },
        1.00000000f,
        24.00000000f, 20.00000000f, 6.00000000f,
        9.26578331f,
        { 0.84444445f, 0.84444445f, 0.84444445f, 0.84444445f, 0.84444445f },
        "ARMO",
        "00151E34",
        false,
        false,
        false, false, false
    },
    {
        "Coastal Armor_L",
        17.99764442f, -26.97359467f, -17.07759476f,
        { -0.98681939f, -0.15290026f, -0.05299459f, 0.00000000f, 0.14607742f, -0.98258495f, 0.11483776f, 0.00000000f, -0.06963058f, 0.10558314f, 0.99196923f, 0.00000000f },
        1.00000000f,
        32.00000000f, 74.00000000f, 26.00000000f,
        34.45190048f,
        { 1.00000000f, 1.00000000f, 1.00000000f, 1.00000000f, 1.00000000f },
        "ARMO",
        "0604FA88",
        false,
        false,
        true, false, false
    },
    {
        "Coat Rack",
        7.29548025f, -39.91226959f, -9.60675812f,
        { 0.08403328f, 0.20212510f, -0.97574794f, 0.00000000f, -0.97947711f, -0.16327472f, -0.11817640f, 0.00000000f, -0.18320125f, 0.96565354f, 0.18425655f, 0.00000000f },
        1.00000000f,
        28.00000000f, 27.00000000f, 131.00000000f,
        38.61996078f,
        { 0.64444447f, 0.64444447f, 0.64444447f, 0.64444447f, 0.64444447f },
        "MSTT",
        "0007326C",
        false,
        false,
        false, false, false
    },
    {
        "Combat Armor Chest Piece",
        5.31788111f, -0.36702633f, -11.67646790f,
        { -0.31408393f, 0.70402968f, 0.63694119f, 0.00000000f, -0.47372675f, -0.69762158f, 0.53750086f, 0.00000000f, 0.82276064f, -0.13291593f, 0.55262935f, 0.00000000f },
        1.00000000f,
        20.00000000f, 23.00000000f, 9.00000000f,
        6.52430105f,
        { 1.00000000f, 1.00000000f, 1.00000000f, 1.00000000f, 1.00000000f },
        "ARMO",
        "0011D3C3",
        false,
        false,
        false, false, false
    },
    {
        "Combat Armor Helmet",
        -4.01178598f, -1.10542631f, -10.32785702f,
        { -0.11153132f, 0.57996643f, 0.80696976f, 0.00000000f, 0.10875835f, -0.80003506f, 0.59001344f, 0.00000000f, 0.98779178f, 0.15356958f, 0.02615339f, 0.00000000f },
        1.00000000f,
        16.00000000f, 19.00000000f, 13.00000000f,
        9.87770176f,
        { 0.75555557f, 0.75555557f, 0.75555557f, 0.75555557f, 0.75555557f },
        "ARMO",
        "0011E2C8",
        false,
        false,
        false, false, false
    },
    {
        "Combat Armor Right Arm",
        8.73889065f, 1.94847739f, -4.12034607f,
        { 0.05704379f, 0.08547217f, -0.99470699f, 0.00000000f, -0.23200038f, -0.96792042f, -0.09647483f, 0.00000000f, -0.97104168f, 0.23627536f, -0.03538436f, 0.00000000f },
        1.00000000f,
        10.00000000f, 19.00000000f, 8.00000000f,
        7.50863600f,
        { 1.00000000f, 1.00000000f, 1.00000000f, 1.00000000f, 1.00000000f },
        "ARMO",
        "0011D3C6",
        false,
        false,
        false, false, false
    },
    {
        "Combat Rifle",
        0.92701685f, -2.40588617f, -1.79860377f,
        { 0.99845386f, -0.05288251f, -0.01712214f, 0.00000000f, 0.04930162f, 0.98478901f, -0.16661286f, 0.00000000f, 0.02567265f, 0.16551112f, 0.98587358f, 0.00000000f },
        1.00000000f,
        0.00000000f, 0.00000000f, 0.00000000f,
        4.42036438f,
        { 0.77777779f, 0.77777779f, 0.77777779f, 0.77777779f, 0.77777779f },
        "WEAP",
        "000DF42E",
        false,
        false,
        false, false, false
    },
    {
        "Construction Barrier",
        59.88876724f, 7.88280487f, -14.18173885f,
        { -0.11845785f, 0.98347664f, 0.13689983f, 0.00000000f, -0.12717833f, 0.12170785f, -0.98438454f, 0.00000000f, -0.98478085f, -0.13401872f, 0.11065958f, 0.00000000f },
        1.00000000f,
        80.00000000f, 36.00000000f, 94.00000000f,
        58.18830872f,
        { 0.91111112f, 0.91111112f, 0.91111112f, 0.91111112f, 0.91111112f },
        "MSTT",
        "000F6BFA",
        false,
        false,
        false, false, false
    },
    {
        "Cooking Oil",
        4.08530807f, -6.88080454f, -4.31970930f,
        { -0.18833627f, 0.05568894f, -0.98052490f, 0.00000000f, -0.96704966f, -0.18466218f, 0.17526028f, 0.00000000f, -0.17130530f, 0.98122257f, 0.08863195f, 0.00000000f },
        1.00000000f,
        4.00000000f, 4.00000000f, 24.00000000f,
        9.05794430f,
        { 1.00000000f, 1.00000000f, 1.00000000f, 1.00000000f, 1.00000000f },
        "MISC",
        "00061FA7",
        false,
        false,
        false, false, false
    },
    {
        "Cowhide Western Outfit",
        15.83499908f, -10.37920761f, -13.75881004f,
        { -0.82115710f, -0.32055035f, 0.47217536f, 0.00000000f, 0.38153061f, -0.92363542f, 0.03648023f, 0.00000000f, 0.42442429f, 0.21010597f, 0.88074923f, 0.00000000f },
        1.00000000f,
        34.00000000f, 42.00000000f, 12.00000000f,
        19.81467628f,
        { 1.00000000f, 1.00000000f, 1.00000000f, 1.00000000f, 1.00000000f },
        "ARMO",
        "05029C0B",
        false,
        false,
        false, false, false
    },
    {
        "Crate",
        -14.96783638f, 7.38616610f, -28.32343292f,
        { -0.97296834f, 0.12414740f, -0.19473369f, 0.00000000f, -0.03674421f, -0.91569668f, -0.40018776f, 0.00000000f, -0.22799888f, -0.38221449f, 0.89550513f, 0.00000000f },
        1.00000000f,
        46.00000000f, 29.00000000f, 26.00000000f,
        32.12519073f,
        { 0.71111113f, 0.71111113f, 0.71111113f, 0.71111113f, 0.71111113f },
        "MSTT",
        "001AE1F9",
        false,
        false,
        false, false, false
    },
    {
        "Cryo Bolt",
        1.10654449f, 0.58138901f, 0.80333030f,
        { -0.30041975f, -0.86267954f, 0.40685308f, 0.00000000f, 0.50639302f, -0.50573450f, -0.69842428f, 0.00000000f, 0.80827636f, -0.00379355f, 0.58878905f, 0.00000000f },
        1.00000000f,
        2.00000000f, 8.00000000f, 2.00000000f,
        5.56535530f,
        { 0.66666669f, 0.66666669f, 0.66666669f, 0.66666669f, 0.66666669f },
        "AMMO",
        "560008B6",
        false,
        false,
        false, false, false
    },
    {
        "Denim Dress_L",
        13.55525780f, -3.76388955f, -11.57315826f,
        { -0.58780098f, -0.71066660f, 0.38657781f, 0.00000000f, 0.63637090f, -0.70121074f, -0.32145742f, 0.00000000f, 0.49952167f, 0.05705369f, 0.86442018f, 0.00000000f },
        1.00000000f,
        24.00000000f, 28.00000000f, 7.00000000f,
        12.78011990f,
        { 0.88888890f, 0.88888890f, 0.88888890f, 0.88888890f, 0.88888890f },
        "ARMO",
        "002075C0",
        false,
        false,
        true, false, false
    },
    {
        "Dirty Army Fatigues",
        20.40544128f, -12.72022724f, -15.13924789f,
        { -0.61650735f, -0.53337741f, 0.57916147f, 0.00000000f, 0.54561806f, -0.81974083f, -0.17413792f, 0.00000000f, 0.56764328f, 0.20864394f, 0.79639804f, 0.00000000f },
        1.00000000f,
        36.00000000f, 54.00000000f, 8.00000000f,
        25.03181076f,
        { 1.00000000f, 1.00000000f, 1.00000000f, 1.00000000f, 1.00000000f },
        "ARMO",
        "0019CBB3",
        false,
        false,
        false, false, false
    },
    {
        "Disciples Strapped Chest Piece",
        8.35706902f, -2.70366907f, -14.14865494f,
        { -0.70835620f, -0.18249625f, 0.68185568f, 0.00000000f, 0.15850279f, -0.98245418f, -0.09828728f, 0.00000000f, 0.68782932f, 0.03845365f, 0.72485369f, 0.00000000f },
        1.00000000f,
        26.00000000f, 34.00000000f, 7.00000000f,
        10.40005493f,
        { 0.88888890f, 0.88888890f, 0.88888890f, 0.88888890f, 0.88888890f },
        "ARMO",
        "05026BAB",
        false,
        false,
        false, false, false
    },
    {
        "Disciples Wrapped Left Arm",
        7.50945473f, -3.92673373f, -8.29525566f,
        { -0.61628586f, -0.53513652f, 0.57777178f, 0.00000000f, 0.43236190f, -0.84311616f, -0.31971547f, 0.00000000f, 0.65821993f, 0.05277009f, 0.75097239f, 0.00000000f },
        1.00000000f,
        10.00000000f, 19.00000000f, 6.00000000f,
        8.25427437f,
        { 1.00000000f, 1.00000000f, 1.00000000f, 1.00000000f, 1.00000000f },
        "ARMO",
        "05026BB4",
        false,
        false,
        false, false, false
    },
    {
        "Dog Collar",
        6.43123531f, -5.21313000f, -6.77359247f,
        { -0.52521485f, -0.62531382f, 0.57717729f, 0.00000000f, -0.11852534f, 0.72540164f, 0.67804545f, 0.00000000f, -0.84267545f, 0.28770846f, -0.45510671f, 0.00000000f },
        1.00000000f,
        11.00000000f, 13.00000000f, 2.00000000f,
        5.44270706f,
        { 0.66666669f, 0.66666669f, 0.66666669f, 0.66666669f, 0.66666669f },
        "ARMO",
        "00034602",
        false,
        false,
        false, false, false
    },
    {
        "Dog Helmet",
        7.76198196f, 4.86138964f, -18.30824280f,
        { -0.15822040f, 0.70770913f, 0.68855983f, 0.00000000f, -0.98517406f, -0.15998431f, -0.06194425f, 0.00000000f, 0.06632037f, -0.68815213f, 0.72252893f, 0.00000000f },
        1.00000000f,
        22.00000000f, 24.00000000f, 24.00000000f,
        16.91082382f,
        { 0.66666669f, 0.66666669f, 0.66666669f, 0.66666669f, 0.66666669f },
        "ARMO",
        "001C67B4",
        false,
        false,
        false, false, false
    },
    {
        "Drifter Outfit",
        23.63706589f, -9.48666000f, -11.20876217f,
        { -0.52530342f, -0.57376504f, 0.62837225f, 0.00000000f, 0.85005462f, -0.32063958f, 0.41784942f, 0.00000000f, -0.03826557f, 0.75364840f, 0.65616447f, 0.00000000f },
        1.00000000f,
        34.00000000f, 48.00000000f, 20.00000000f,
        25.00345993f,
        { 1.00000000f, 1.00000000f, 1.00000000f, 1.00000000f, 1.00000000f },
        "ARMO",
        "000B2D8D",
        false,
        false,
        false, false, false
    },
    {
        "Engine",
        23.83644104f, 4.45995474f, 4.40715218f,
        { -0.42974791f, -0.16091017f, 0.88849616f, 0.00000000f, 0.41732836f, 0.83719468f, 0.35347199f, 0.00000000f, -0.80072147f, 0.52269799f, -0.29263020f, 0.00000000f },
        1.00000000f,
        52.00000000f, 78.00000000f, 71.00000000f,
        25.15753937f,
        { 1.00000000f, 1.00000000f, 1.00000000f, 1.00000000f, 1.00000000f },
        "MSTT",
        "00047F7B",
        false,
        false,
        false, false, false
    },
    {
        "Explosive Bolt",
        0.13503516f, -1.68565178f, -0.31477022f,
        { 0.13352363f, -0.93195015f, 0.33710387f, 0.00000000f, 0.82737589f, -0.08241813f, -0.55556697f, 0.00000000f, 0.54554486f, 0.35309228f, 0.76006955f, 0.00000000f },
        1.00000000f,
        2.00000000f, 8.00000000f, 2.00000000f,
        4.68177605f,
        { 0.64444447f, 0.64444447f, 0.64444447f, 0.64444447f, 0.64444447f },
        "AMMO",
        "56000825",
        false,
        false,
        false, false, false
    },
    {
        "Eyeglasses",
        8.06308365f, -3.95046210f, -5.30523491f,
        { 0.64637315f, 0.02364360f, -0.76265419f, 0.00000000f, 0.07814114f, -0.99631500f, 0.03533964f, 0.00000000f, -0.75900948f, -0.08243749f, -0.64583981f, 0.00000000f },
        1.00000000f,
        10.00000000f, 10.00000000f, 2.00000000f,
        5.37537050f,
        { 0.60000002f, 0.60000002f, 0.60000002f, 0.60000002f, 0.60000002f },
        "ARMO",
        "001C4BE8",
        false,
        false,
        false, false, false
    },
    {
        "Fashionable Glasses",
        7.41567039f, -2.11663651f, -5.78116703f,
        { 0.56401390f, 0.15525943f, -0.81103706f, 0.00000000f, 0.23817614f, -0.97100967f, -0.02025023f, 0.00000000f, -0.79067051f, -0.18174863f, -0.58464307f, 0.00000000f },
        1.00000000f,
        10.00000000f, 9.00000000f, 3.00000000f,
        4.31495380f,
        { 0.66666669f, 0.66666669f, 0.66666669f, 0.66666669f, 0.66666669f },
        "ARMO",
        "000FD9AA",
        false,
        false,
        false, false, false
    },
    {
        "Field Scribe's Hat",
        11.02300549f, 0.96207160f, -3.16326666f,
        { 0.28471994f, -0.79054832f, -0.54218829f, 0.00000000f, -0.89402479f, -0.42307690f, 0.14739542f, 0.00000000f, -0.34591067f, 0.44276306f, -0.82722825f, 0.00000000f },
        1.00000000f,
        12.00000000f, 20.00000000f, 9.00000000f,
        7.81674767f,
        { 0.82222223f, 0.82222223f, 0.82222223f, 0.82222223f, 0.82222223f },
        "ARMO",
        "000E3710",
        false,
        false,
        false, false, false
    },
    {
        "Flaming Bolt",
        -3.18754435f, -1.20972621f, 1.14587438f,
        { 0.06438789f, -0.96634442f, 0.24906050f, 0.00000000f, 0.87845808f, -0.06352499f, -0.47357544f, 0.00000000f, 0.47345895f, 0.24928096f, 0.84480435f, 0.00000000f },
        1.00000000f,
        2.00000000f, 8.00000000f, 2.00000000f,
        8.38535690f,
        { 0.66666669f, 0.66666669f, 0.66666669f, 0.66666669f, 0.66666669f },
        "AMMO",
        "56000823",
        false,
        false,
        false, false, false
    },
    {
        "Flannels, Tee & Jumpsuit [M]",
        11.11401558f, -4.16363382f, -13.73120499f,
        { -0.73165643f, -0.03749835f, 0.68064135f, 0.00000000f, 0.07570817f, -0.99677819f, 0.02646838f, 0.00000000f, 0.67745686f, 0.07089610f, 0.73213756f, 0.00000000f },
        1.00000000f,
        34.00000000f, 20.00000000f, 8.00000000f,
        13.10104752f,
        { 1.00000000f, 1.00000000f, 1.00000000f, 1.00000000f, 1.00000000f },
        "ARMO",
        "29100273",
        false,
        false,
        false, false, false
    },
    {
        "Gray Knit Cap_L",
        1.32823169f, -0.78057158f, -8.81357193f,
        { 0.18886432f, -0.13155034f, 0.97315145f, 0.00000000f, -0.09535371f, -0.98876011f, -0.11515453f, 0.00000000f, 0.97736228f, -0.07104516f, -0.19928598f, 0.00000000f },
        1.00000000f,
        12.00000000f, 16.00000000f, 7.00000000f,
        5.09188032f,
        { 0.75555557f, 0.75555557f, 0.75555557f, 0.75555557f, 0.75555557f },
        "ARMO",
        "000F6D84",
        false,
        false,
        true, false, false
    },
    {
        "Greaser Jacket and Jeans",
        9.89401245f, -5.65240717f, -10.62922668f,
        { -0.84790802f, -0.12160280f, 0.51600897f, 0.00000000f, 0.33973515f, -0.87184584f, 0.35279489f, 0.00000000f, 0.40697938f, 0.47444421f, 0.78055698f, 0.00000000f },
        1.00000000f,
        26.00000000f, 19.00000000f, 7.00000000f,
        10.69593334f,
        { 0.91111112f, 0.91111112f, 0.91111112f, 0.91111112f, 0.91111112f },
        "ARMO",
        "0014BF50",
        false,
        false,
        false, false, false
    },
    {
        "Green Dress",
        14.98854256f, -5.65032339f, -9.23199654f,
        { -0.69284159f, -0.61019057f, 0.38423723f, 0.00000000f, 0.60546315f, -0.78168440f, -0.14961238f, 0.00000000f, 0.39164412f, 0.12898380f, 0.91103148f, 0.00000000f },
        1.00000000f,
        24.00000000f, 28.00000000f, 7.00000000f,
        13.88378143f,
        { 0.88888890f, 0.88888890f, 0.88888890f, 0.88888890f, 0.88888890f },
        "ARMO",
        "000EECF5",
        false,
        false,
        false, false, false
    },
    {
        "Green Rag Cap",
        9.27070045f, 2.86487269f, -2.21986127f,
        { 0.56930035f, -0.62476480f, -0.53438377f, 0.00000000f, -0.71381843f, -0.69810998f, 0.05572245f, 0.00000000f, -0.40787220f, 0.34973007f, -0.84340298f, 0.00000000f },
        1.00000000f,
        12.00000000f, 21.00000000f, 6.00000000f,
        7.06055021f,
        { 0.71111113f, 0.71111113f, 0.71111113f, 0.71111113f, 0.71111113f },
        "ARMO",
        "000B3F4D",
        false,
        false,
        false, false, false
    },
    {
        "Gunner Flannel Shirt and Jeans",
        12.03836823f, -5.85793352f, -10.18558121f,
        { -0.74027181f, -0.53218484f, 0.41082537f, 0.00000000f, 0.50113785f, -0.84413999f, -0.19049567f, 0.00000000f, 0.44817296f, 0.06486154f, 0.89159101f, 0.00000000f },
        1.00000000f,
        24.00000000f, 30.00000000f, 5.00000000f,
        11.44514275f,
        { 0.82222223f, 0.82222223f, 0.82222223f, 0.82222223f, 0.82222223f },
        "ARMO",
        "00223CFD",
        false,
        false,
        false, false, false
    },
    {
        "Gunner Guard Outfit",
        12.90702152f, -6.49097157f, -12.75813484f,
        { -0.85694742f, -0.38845232f, 0.33874241f, 0.00000000f, 0.43781185f, -0.89543355f, 0.08073671f, 0.00000000f, 0.27195960f, 0.21749307f, 0.93740821f, 0.00000000f },
        1.00000000f,
        25.00000000f, 18.00000000f, 10.00000000f,
        14.01517582f,
        { 0.88888890f, 0.88888890f, 0.88888890f, 0.88888890f, 0.88888890f },
        "ARMO",
        "00223CFA",
        false,
        false,
        false, false, false
    },
    {
        "Hacked Visor",
        -5.20044041f, -3.11437678f, -7.25586224f,
        { 0.24379490f, -0.69322526f, 0.67823517f, 0.00000000f, -0.16810647f, -0.71895564f, -0.67441946f, 0.00000000f, 0.95514506f, 0.05040397f, -0.29181355f, 0.00000000f },
        1.00000000f,
        17.00000000f, 14.00000000f, 6.00000000f,
        10.03416443f,
        { 0.62222224f, 0.62222224f, 0.62222224f, 0.62222224f, 0.62222224f },
        "ARMO",
        "5700A097",
        false,
        false,
        false, false, false
    },
    {
        "Harness",
        16.45400620f, -6.46728468f, -10.56969929f,
        { -0.60247773f, -0.69969356f, 0.38399044f, 0.00000000f, 0.71077716f, -0.68921089f, -0.14065160f, 0.00000000f, 0.36306357f, 0.18819252f, 0.91256189f, 0.00000000f },
        1.00000000f,
        26.00000000f, 31.00000000f, 7.00000000f,
        17.37689590f,
        { 1.00000000f, 1.00000000f, 1.00000000f, 1.00000000f, 1.00000000f },
        "ARMO",
        "0008158D",
        false,
        false,
        false, false, false
    },
    {
        "Hazmat Suit",
        4.43563700f, 4.05918169f, -13.06264019f,
        { -0.66549766f, -0.28960484f, 0.68792474f, 0.00000000f, 0.12671582f, -0.95211560f, -0.27823979f, 0.00000000f, 0.73556471f, -0.09799692f, 0.67032981f, 0.00000000f },
        1.00000000f,
        27.00000000f, 31.00000000f, 28.00000000f,
        9.66370678f,
        { 0.77777779f, 0.77777779f, 0.77777779f, 0.77777779f, 0.77777779f },
        "ARMO",
        "000CEAC4",
        false,
        false,
        false, false, false
    },
    {
        "Heavy Trapper Chest Piece",
        25.81816292f, -3.42717695f, -7.28040314f,
        { -0.56855172f, -0.53419608f, -0.62560725f, 0.00000000f, -0.10814920f, -0.70534331f, 0.70056736f, 0.00000000f, -0.81550825f, 0.46596777f, 0.34325129f, 0.00000000f },
        1.00000000f,
        25.00000000f, 43.00000000f, 31.00000000f,
        24.83689308f,
        { 1.00000000f, 1.00000000f, 1.00000000f, 1.00000000f, 1.00000000f },
        "ARMO",
        "0600F04E",
        false,
        false,
        false, false, false
    },
    {
        "Institute Director's Uniform_L",
        10.11298847f, -4.42166328f, -15.02774239f,
        { -0.67327279f, -0.03123336f, 0.73873395f, 0.00000000f, 0.05400739f, -0.99851549f, 0.00700575f, 0.00000000f, 0.73741937f, 0.04461410f, 0.67395961f, 0.00000000f },
        1.00000000f,
        34.00000000f, 20.00000000f, 8.00000000f,
        13.26232433f,
        { 1.00000000f, 1.00000000f, 1.00000000f, 1.00000000f, 1.00000000f },
        "ARMO",
        "2C10010F",
        false,
        false,
        true, false, false
    },
    {
        "Institute",
        1.33323073f, 2.09996605f, -1.35830617f,
        { 0.97086149f, -0.08450475f, -0.22424723f, 0.00000000f, -0.11543220f, 0.65514022f, -0.74663675f, 0.00000000f, 0.21000771f, 0.75076628f, 0.62629604f, 0.00000000f },
        1.00000000f,
        0.00000000f, 0.00000000f, 0.00000000f,
        4.99206543f,
        { 0.88888890f, 0.88888890f, 0.88888890f, 0.88888890f, 0.88888890f },
        "WEAP",
        "001633CC",
        false,
        false,
        false, false, false
    },
    {
        "Jammer's Stash",
        1.92560387f, 3.99094725f, -23.74800110f,
        { -0.02752507f, -0.94250268f, -0.33306146f, 0.00000000f, 0.15270115f, 0.32531285f, -0.93319523f, 0.00000000f, 0.98788851f, -0.07654528f, 0.13496730f, 0.00000000f },
        1.00000000f,
        52.00000000f, 42.00000000f, 12.00000000f,
        23.73756790f,
        { 0.42222226f, 0.42222226f, 0.42222226f, 0.42222226f, 0.42222226f },
        "MISC",
        "2F007689",
        false,
        false,
        false, false, false
    },
    {
        "Kellogg's Outfit",
        12.27020931f, -0.97130728f, -12.10770130f,
        { -0.58614957f, -0.71820354f, 0.37498167f, 0.00000000f, 0.77558702f, -0.63123065f, 0.00335555f, 0.00000000f, 0.23429018f, 0.29279867f, 0.92702508f, 0.00000000f },
        1.00000000f,
        29.00000000f, 18.00000000f, 9.00000000f,
        11.40002346f,
        { 0.88888890f, 0.88888890f, 0.88888890f, 0.88888890f, 0.88888890f },
        "ARMO",
        "001153DB",
        false,
        false,
        false, false, false
    },
    {
        "Kid's Shirt and Jeans",
        12.89454556f, -5.73587084f, -6.32784700f,
        { -0.73206735f, -0.41015342f, 0.54392344f, 0.00000000f, 0.46365282f, -0.88495898f, -0.04328561f, 0.00000000f, 0.49910361f, 0.22050360f, 0.83801830f, 0.00000000f },
        1.00000000f,
        0.00000000f, 0.00000000f, 0.00000000f,
        11.77411366f,
        { 0.88888890f, 0.88888890f, 0.88888890f, 0.88888890f, 0.88888890f },
        "ARMO",
        "00167A75",
        false,
        false,
        false, false, false
    },
    {
        "Leather Chest Piece",
        10.91959190f, -4.54504681f, -9.34939194f,
        { -0.79182684f, -0.54283088f, 0.27990264f, 0.00000000f, 0.48844016f, -0.83797389f, -0.24336356f, 0.00000000f, 0.36665633f, -0.05598602f, 0.92867082f, 0.00000000f },
        1.00000000f,
        28.00000000f, 32.00000000f, 4.00000000f,
        10.81138611f,
        { 0.95555556f, 0.95555556f, 0.95555556f, 0.95555556f, 0.95555556f },
        "ARMO",
        "0007B9C6",
        false,
        false,
        false, false, false
    },
    {
        "Leather Left Arm",
        9.41093540f, -1.34348750f, -2.78451729f,
        { -0.82411301f, -0.56521970f, 0.03692884f, 0.00000000f, -0.13207290f, 0.25514624f, 0.95783949f, 0.00000000f, -0.55081165f, 0.78449041f, -0.28491920f, 0.00000000f },
        1.00000000f,
        21.00000000f, 20.00000000f, 14.00000000f,
        9.24123955f,
        { 1.00000000f, 1.00000000f, 1.00000000f, 1.00000000f, 1.00000000f },
        "ARMO",
        "0007B9C7",
        false,
        false,
        false, false, false
    },
    {
        "Leather Right Arm",
        9.98030567f, 1.00176191f, -2.02073646f,
        { -0.76050466f, -0.21982756f, 0.61098993f, 0.00000000f, 0.13429578f, 0.86735737f, 0.47922465f, 0.00000000f, -0.63529330f, 0.44650587f, -0.63010734f, 0.00000000f },
        1.00000000f,
        21.00000000f, 20.00000000f, 14.00000000f,
        9.69379711f,
        { 1.00000000f, 1.00000000f, 1.00000000f, 1.00000000f, 1.00000000f },
        "ARMO",
        "0007B9C3",
        false,
        false,
        false, false, false
    },
    {
        "Leather Right Leg",
        8.88911057f, -1.10098696f, -6.64465237f,
